   1.9825073e-01   1.4577259e-01
   4.3148688e-01   3.0903790e-01
   5.3644315e-01   6.4723032e-01
   7.3469388e-01   6.0058309e-01
   8.5131195e-01   9.5043732e-01
   9.5626822e-01   9.3877551e-01
   1.0962099e+00   7.9883382e-01
   1.1661808e+00   1.0320700e+00
   1.2594752e+00   7.4052478e-01
   1.3411079e+00   6.5889213e-01
   1.4110787e+00   7.7551020e-01
   1.2827988e+00   8.6880466e-01
   1.5510204e+00   7.4052478e-01
   1.4927114e+00   5.5393586e-01
   1.8425656e+00   6.2390671e-01
   1.9008746e+00   7.2886297e-01
   1.9475219e+00   8.4548105e-01
   1.7609329e+00   1.0670554e+00
   4.5481050e-01   4.6064140e-01
   4.3148688e-01   5.6559767e-01
   6.7638484e-01   7.9883382e-01
   1.8542274e+00   8.2215743e-01
   2.1341108e+00   1.2886297e+00
   2.4023324e+00   1.3586006e+00
   2.1924198e+00   1.1253644e+00
   2.5772595e+00   1.3352770e+00
   2.7288630e+00   1.5568513e+00
   2.9854227e+00   1.4285714e+00
   3.1253644e+00   1.7667638e+00
   3.1137026e+00   1.9766764e+00
   3.3119534e+00   2.3965015e+00
   3.5801749e+00   2.8513120e+00
   3.6967930e+00   3.0845481e+00
   3.7201166e+00   3.4810496e+00
   3.3819242e+00   2.9096210e+00
   3.2653061e+00   2.5947522e+00
   3.1370262e+00   1.9416910e+00
   2.8688047e+00   1.5102041e+00
   2.3440233e+00   1.3119534e+00
   2.0991254e+00   1.1603499e+00
   2.5772595e+00   1.9183673e+00
   2.9154519e+00   2.1166181e+00
   3.3236152e+00   1.3819242e+00
   2.0524781e+00   8.3381924e-01
   7.9300292e-01   8.6880466e-01
   1.2361516e+00   1.1720117e+00
   2.7988338e-01   1.2653061e+00
   3.8483965e-01   5.1895044e-01
   1.0029155e+00   3.3236152e-01
   3.1253644e+00   2.9212828e+00